0
0.00201505
0.00302257
0.00403009
0.0050376
0.00604511
0.00705261
0.0080601
0.00906759
0.0100751
0.0110826
0.01209
0.0130975
0.014105
0.0151124
0.0161199
0.0171273
0.0181348
0.0191422
0.0201497
0.0211571
0.0221645
0.0231719
0.0241793
0.0251868
0.0261942
0.0272016
0.0282089
0.0292163
0.0302237
0.0312311
0.0322384
0.0332458
0.0342531
0.0352605
0.0362678
0.0372752
0.0382825
0.0392898
0.0402971
0.0413044
0.0423117
0.043319
0.0443263
0.0453336
0.0463409
0.0473481
0.0483554
0.0493626
0.0503699
0.0513771
0.0523843
0.0533916
0.0543988
0.055406
0.0564132
0.0574204
0.0584276
0.0594347
0.0604419
0.0614491
0.0624562
0.0634633
0.0644705
0.0654776
0.0664847
0.0674918
0.0684989
0.069506
0.0705131
0.0715202
0.0725272
0.0735343
0.0745413
0.0755484
0.0765554
0.0775624
0.0785694
0.0795764
0.0805834
0.0815904
0.0825973
0.0836043
0.0846112
0.0856182
0.0866251
0.087632
0.0886389
0.0896458
0.0906527
0.0916595
0.0926664
0.0936732
0.0946801
0.0956869
0.0966937
0.0977005
0.0987073
0.0997141
0.100721
0.101728
0.102734
0.103741
0.104748
0.105754
0.106761
0.107768
0.108775
0.109781
0.110788
0.111794
0.112801
0.113808
0.114814
0.115821
0.116827
0.117834
0.11884
0.119847
0.120853
0.12186
0.122866
0.123873
0.124879
0.125886
0.126892
0.127898
0.128905
0.129911
0.130918
0.131924
0.13293
0.133936
0.134943
0.135949
0.136955
0.137961
0.138968
0.139974
0.14098
0.141986
0.142992
0.143998
0.145004
0.146011
0.147017
0.148023
0.149029
0.150035
0.151041
0.152047
0.153053
0.154058
0.155064
0.15607
0.157076
0.158082
0.159088
0.160093
0.161099
0.162105
0.163111
0.164116
0.165122
0.166128
0.167133
0.168139
0.169145
0.17015
0.171156
0.172161
0.173167
0.174172
0.175178
0.176183
0.177188
0.178194
0.179199
0.180204
0.18121
0.182215
0.18322
0.184225
0.18523
0.186236
0.187241
0.188246
0.189251
0.190256
0.191261
0.192266
0.193271
0.194276
0.19528
0.196285
0.19729
0.198295
0.1993
0.200304
0.201309
0.202314
0.203318
0.204323
0.205327
0.206332
0.207336
0.208341
0.209345
0.21035
0.211354
0.212358
0.213362
0.214367
0.215371
0.216375
0.217379
0.218383
0.219387
0.220391
0.221395
0.222399
0.223403
0.224407
0.22541
0.226414
0.227418
0.228422
0.229425
0.230429
0.231432
0.232436
0.233439
0.234443
0.235446
0.236449
0.237452
0.238456
0.239459
0.240462
0.241465
0.242468
0.243471
0.244474
0.245477
0.246479
0.247482
0.248485
0.249487
0.25049
0.251493
0.252495
0.253497
0.2545
0.255502
0.256504
0.257507
0.258509
0.259511
0.260513
0.261515
0.262517
0.263519
0.26452
0.265522
0.266524
0.267525
0.268527
0.269528
0.27053
0.271531
0.272532
0.273533
0.274535
0.275536
0.276537
0.277537
0.278538
0.279539
0.28054
0.28154
0.282541
0.283541
0.284542
0.285542
0.286542
0.287543
0.288543
0.289543
0.290543
0.291543
0.292542
0.293542
0.294542
0.295541
0.296541
0.29754
0.298539
0.299538
0.300537
0.301536
0.302535
0.303534
0.304533
0.305531
0.30653
0.307528
0.308527
0.309525
0.310523
0.311521
0.312519
0.313517
0.314515
0.315512
0.31651
0.317507
0.318505
0.319502
0.320499
0.321496
0.322493
0.32349
0.324486
0.325483
0.32648
0.327476
0.328472
0.329468
0.330464
0.33146
0.332456
0.333451
0.334447
0.335442
0.336437
0.337432
0.338427
0.339422
0.340417
0.341412
0.342406
0.3434
0.344395
0.345389
0.346382
0.347376
0.34837
0.349363
0.350357
0.35135
0.352343
0.353336
0.354328
0.355321
0.356313
0.357306
0.358298
0.35929
0.360281
0.361273
0.362264
0.363256
0.364247
0.365238
0.366229
0.367219
0.36821
0.3692
0.37019
0.37118
0.37217
0.373159
0.374148
0.375138
0.376127
0.377115
0.378104
0.379092
0.38008
0.381068
0.382056
0.383044
0.384031
0.385018
0.386005
0.386992
0.387979
0.388965
0.389951
0.390937
0.391923
0.392908
0.393893
0.394878
0.395863
0.396848
0.397832
0.398816
0.3998
0.400783
0.401767
0.40275
0.403732
0.404715
0.405697
0.406679
0.407661
0.408643
0.409624
0.410605
0.411586
0.412566
0.413546
0.414526
0.415506
0.416485
0.417464
0.418443
0.419421
0.420399
0.421377
0.422355
0.423332
0.424309
0.425286
0.426262
0.427238
0.428214
0.429189
0.430164
0.431139
0.432113
0.433087
0.434061
0.435034
0.436007
0.43698
0.437952
0.438924
0.439895
0.440867
0.441837
0.442808
0.443778
0.444748
0.445717
0.446686
0.447654
0.448623
0.44959
0.450558
0.451524
0.452491
0.453457
0.454423
0.455388
0.456353
0.457317
0.458281
0.459245
0.460208
0.46117
0.462132
0.463094
0.464055
0.465016
0.465976
0.466936
0.467895
0.468854
0.469812
0.47077
0.471727
0.472684
0.473641
0.474596
0.475552
0.476506
0.47746
0.478414
0.479367
0.48032
0.481272
0.482223
0.483174
0.484124
0.485074
0.486023
0.486972
0.48792
0.488867
0.489814
0.49076
0.491705
0.49265
0.493594
0.494538
0.495481
0.496423
0.497365
0.498305
0.499246
0.500185
0.501124
0.502062
0.503
0.503937
0.504873
0.505808
0.506743
0.507677
0.50861
0.509542
0.510474
0.511405
0.512335
0.513264
0.514193
0.51512
0.516047
0.516973
0.517899
0.518823
0.519747
0.520669
0.521591
0.522512
0.523432
0.524352
0.52527
0.526188
0.527104
0.52802
0.528935
0.529848
0.530761
0.531673
0.532584
0.533494
0.534403
0.535311
0.536218
0.537124
0.538029
0.538933
0.539835
0.540737
0.541638
0.542537
0.543436
0.544333
0.54523
0.546125
0.547019
0.547912
0.548804
0.549694
0.550584
0.551472
0.552359
0.553245
0.55413
0.555013
0.555895
0.556776
0.557655
0.558534
0.559411
0.560286
0.561161
0.562034
0.562905
0.563775
0.564644
0.565512
0.566378
0.567242
0.568106
0.568967
0.569828
0.570686
0.571544
0.572399
0.573254
0.574106
0.574957
0.575807
0.576655
0.577501
0.578346
0.579189
0.580031
0.58087
0.581708
0.582545
0.583379
0.584212
0.585043
0.585873
0.5867
0.587526
0.58835
0.589172
0.589992
0.59081
0.591627
0.592441
0.593254
0.594064
0.594873
0.595679
0.596484
0.597287
0.598087
0.598885
0.599682
0.600476
0.601268
0.602057
0.602845
0.60363
0.604414
0.605195
0.605973
0.606749
0.607523
0.608295
0.609064
0.609831
0.610596
0.611358
0.612117
0.612874
0.613629
0.61438
0.61513
0.615877
0.616621
0.617362
0.618101
0.618837
0.619571
0.620301
0.621029
0.621754
0.622476
0.623195
0.623912
0.624625
0.625336
0.626043
0.626748
0.627449
0.628148
0.628843
0.629535
0.630224
0.63091
0.631592
0.632271
0.632947
0.63362
0.634289
0.634955
0.635617
0.636276
0.636932
0.637583
0.638232
0.638876
0.639517
0.640155
0.640788
0.641418
0.642044
0.642666
0.643284
0.643899
0.644509
0.645116
0.645718
0.646316
0.646911
0.647501
0.648086
0.648668
0.649245
0.649818
0.650387
0.650951
0.651511
0.652066
0.652617
0.653163
0.653704
0.654241
0.654773
0.6553
0.655823
0.65634
0.656853
0.65736
0.657863
0.658361
0.658853
0.65934
0.659822
0.660299
0.66077
0.661236
0.661697
0.662152
0.662601
0.663045
0.663483
0.663915
0.664342
0.664763
0.665178
0.665587
0.66599
0.666386
0.666777
0.667162
0.66754
0.667912
0.668277
0.668636
0.668989
0.669335
0.669674
0.670007
0.670332
0.670651
0.670963
0.671268
0.671566
0.671857
0.672141
0.672417
0.672686
0.672947
0.673201
0.673448
0.673687
0.673918
0.674141
0.674356
0.674564
0.674763
0.674954
0.675137
0.675312
0.675478
0.675636
0.675786
0.675926
0.676058
0.676182
0.676296
0.676401
0.676497
0.676585
0.676662
0.676731
0.67679
0.676839
0.676879
0.676909
0.67693
0.67694
0.676941
0.676931
0.676911
0.67688
0.67684
0.676788
0.676727
0.676654
0.67657
0.676476
0.67637
0.676253
0.676125
0.675986
0.675835
0.675672
0.675498
0.675311
0.675113
0.674902
0.67468
0.674445
0.674197
0.673937
0.673664
0.673378
0.673079
0.672767
0.672442
0.672103
0.671751
0.671385
0.671006
0.670612
0.670205
0.669783
0.669346
0.668896
0.66843
0.66795
0.667455
0.666945
0.666419
0.665878
0.665321
0.664749
0.664161
0.663557
0.662936
0.6623
0.661646
0.660976
0.66029
0.659586
0.658865
0.658126
0.65737
0.656596
0.655805
0.654995
0.654167
0.653321
0.652455
0.651572
0.650669
0.649746
0.648805
0.647844
0.646863
0.645862
0.644841
0.643799
0.642737
0.641654
0.640551
0.639425
0.638279
0.637111
0.635921
0.634708
0.633474
0.632217
0.630937
0.629634
0.628308
0.626959
0.625586
0.624188
0.622767
0.621322
0.619851
0.618356
0.616836
0.61529
0.613718
0.612121
0.610497
0.608847
0.60717
0.605467
0.603736
0.601977
0.600191
0.598377
0.596534
0.594662
0.592762
0.590832
0.588873
0.586884
0.584865
0.582816
0.580736
0.578624
0.576482
0.574308
0.572101
0.569863
0.567592
0.565288
0.56295
0.560579
0.558174
0.555735
0.553261
0.550752
0.548208
0.545628
0.543012
0.540359
0.53767
0.534944
0.53218
0.529378
0.526538
0.523659
0.520741
0.517784
0.514787
0.511749
0.508671
0.505552
0.502391
0.499189
0.495944
0.492656
0.489326
0.485951
0.482533
0.47907
0.475562
0.472009
0.46841
0.464765
0.461073
0.457333
0.453546
0.449711
0.445827
0.441894
0.437911
0.433878
0.429795
0.42566
0.421474
0.417235
0.412944
0.408599
0.404201
0.399748
0.39524
0.390677
0.386058
0.381383
0.37665
0.371859
0.367011
0.362103
0.357136
0.352109
0.347021
0.341872
0.336662
0.331388
0.326052
0.320652
0.315187
0.309657
0.304062
0.2984
0.292671
0.286875
0.28101
0.275076
0.269072
0.262998
0.256853
0.250635
0.244346
0.237982
0.231545
0.225033
0.218445
0.211781
0.20504
0.198221
0.191323
0.184346
0.177289
0.17015
0.16293
0.155627
0.14824
0.140769
0.133213
0.125571
0.117842
0.110025
0.102119
0.0941241
0.0860384
0.0778613
0.0695919
0.0612292
0.0527724
0.0442204
0.0355724
0.0268273
0.0179842
0