0
0.0216421
0.0324624
0.0432821
0.0541013
0.0649197
0.0757375
0.0865544
0.0973703
0.108185
0.118999
0.129812
0.140623
0.151433
0.162241
0.173047
0.183851
0.194653
0.205453
0.216249
0.227043
0.237833
0.24862
0.259403
0.270181
0.280954
0.291721
0.302482
0.313237
0.323984
0.334723
0.345453
0.356172
0.366881
0.377577
0.38826
0.398927
0.409578
0.420211
0.430823
0.441413
0.451978
0.462516
0.473023
0.483497
0.493934
0.504331
0.514682
0.524983
0.535228
0.545413
0.555531
0.565574
0.575535
0.585405
0.595174
0.604832
0.614368
0.623767
0.633017
0.642101
0.651002
0.659701
0.668175
0.676403
0.684357
0.69201
0.699328
0.706278
0.71282
0.718912
0.724506
0.729549
0.733985
0.737748
0.740769
0.742968
0.744261
0.744551
0.743733
0.741691
0.738295
0.733403
0.726859
0.718487
0.708097
0.695475
0.680387
0.662574
0.64175
0.617596
0.589764
0.557865
0.521474
0.480117
0.433271
0.380361
0.320747
0.253725
0.178515
0