0.047944  
0.04684   
0.044198  
0.041914  
0.040456  
0.038074  
0.036402  
0.0343    
0.033052  
0.030912  
0.029238  
0.027638  
0.026494  
0.025916  
0.02427   
0.022518  
0.021868  
0.020756  
0.019764  
0.019192  
0.01766   
0.017616  
0.0161    
0.014898  
0.014732  
0.014372  
0.01356   
0.01266   
0.01245   
0.011852  
0.010994  
0.009914  
0.00973   
0.009332  
0.008744  
0.008516  
0.008034  
0.007734  
0.007056  
0.006848  
0.006822  
0.005884  
0.00602   
0.005886  
0.0055    
0.005232  
0.004762  
0.004732  
0.00453   
0.004094  
0.003888  
0.004044  
0.003726  
0.00336   
0.003182  
0.003102  
0.002874  
0.002842  
0.00263   
0.002496  
0.002352  
0.00244   
0.00211   
0.002058  
0.00203   
0.001954  
0.001842  
0.001702  
0.001698  
0.001476  
0.001456  
0.001384  
0.001324  
0.00127   
0.001344  
0.001156  
0.000942  
0.001042  
0.001038  
0.000818  
0.00096   
0.000816  
0.000736  
0.000808  
0.000718  
0.000652  
0.000668  
0.000664  
0.000596  
0.00057   
0.000606  
0.000448  
0.000598  
0.0005    
0.000578  
0.000354  
0.000404  
0.00038   
0.000382  
0.0003    
0.000352  
0.000306  
0.000302  
0.000286  
0.000234  
0.000228  
0.000256  
0.000322  
0.000202  
0.00022   
0.000266  
0.000176  
0.000216  
0.000206  
0.000198  
0.000154  
0.000142  
0.00014   
0.00013   
9.2e-05   
0.000104  
0.000112  
9.2e-05   
9.4e-05   
9.8e-05   
8.8e-05   
5e-05     
7e-05     
4e-05     
8e-05     
7.4e-05   
0.00013   
6.2e-05   
6.2e-05   
7.8e-05   
5.4e-05   
6.2e-05   
2.6e-05   
5.2e-05   
4e-05     
3e-05     
2.6e-05   
4.4e-05   
4.2e-05   
2.8e-05   
3.6e-05   
5.6e-05   
1.4e-05   
4e-05     
3e-05     
2.6e-05   
2.6e-05   
2.2e-05   
2.8e-05   
1.4e-05   
8e-06     
2e-05     
2.8e-05   
3.6e-05   
1.6e-05   
1.2e-05   
0         
8e-06     
8e-06     
6e-06     
6e-06     
1.4e-05   
1.2e-05   
4e-06     
4e-06     
8e-06     
4e-06     
1e-05     
0         
4e-06     
0         
1e-05     
1e-05     
1.4e-05   
0         
0         
6e-06     
6e-06     
6e-06     
0         
2e-05     
0         
0         
1e-05     
0         
6e-06     
0         
0         
8e-06     
0         
6e-06     
0         
0         
4e-06     
0         
