0         
0.000286  
0.001726  
0.004804  
0.009292  
0.014538  
0.0208    
0.025432  
0.030432  
0.034828  
0.03917   
0.041762  
0.042776  
0.045024  
0.04474   
0.044858  
0.044486  
0.042974  
0.041166  
0.039194  
0.037724  
0.03468   
0.034124  
0.031106  
0.02878   
0.027466  
0.02378   
0.022642  
0.020754  
0.019118  
0.016928  
0.015124  
0.013694  
0.012282  
0.01085   
0.009992  
0.008618  
0.007854  
0.007048  
0.006222  
0.005514  
0.004866  
0.004246  
0.003956  
0.003052  
0.002638  
0.002572  
0.00223   
0.001748  
0.00174   
0.001456  
0.00136   
0.001142  
0.000786  
0.000744  
0.000748  
0.00056   
0.000534  
0.00043   
0.000332  
0.000346  
0.000258  
0.000222  
0.000204  
0.000152  
0.000182  
0.000136  
0.000122  
7e-05     
0.000108  
6.6e-05   
0.0001    
4.6e-05   
3.6e-05   
3.8e-05   
2.8e-05   
3.6e-05   
2.6e-05   
1.4e-05   
1.4e-05   
6e-06     
8e-06     
4e-06     
1.6e-05   
0         
1.4e-05   
8e-06     
0         
0         
4e-06     
0         
0         
4e-06     
0         
0         
0         
0         
4e-06     
0         
0         
0         
0         
0         
0         
0         
0         
0         
0         
0         
0         
0         
0         
0         
0         
0         
0         
0         
0         
0         
0         
0         
0         
0         
0         
0         
0         
0         
0         
0         
0         
0         
0         
0         
0         
0         
0         
0         
0         
0         
0         
0         
0         
0         
0         
0         
0         
0         
0         
0         
0         
0         
0         
0         
0         
0         
0         
0         
0         
0         
0         
0         
0         
0         
0         
0         
0         
0         
0         
0         
0         
0         
0         
0         
0         
0         
0         
0         
0         
0         
0         
0         
0         
0         
0         
0         
0         
0         
0         
0         
0         
0         
0         
0         
0         
0         
0         
0         
0         
0         
0         
