0         
0         
0         
0         
0         
0         
0         
0         
0.000116  
0.000466  
0.001748  
0.005236  
0.012094  
0.023438  
0.039726  
0.058806  
0.079178  
0.094234  
0.104696  
0.104388  
0.102498  
0.091594  
0.076128  
0.059876  
0.045988  
0.034024  
0.023328  
0.016008  
0.010562  
0.00671   
0.003814  
0.00233   
0.001396  
0.000756  
0.000442  
0.000216  
9.2e-05   
4.8e-05   
4.8e-05   
1e-05     
0         
0         
6e-06     
0         
0         
0         
0         
0         
0         
0         
0         
0         
0         
0         
0         
0         
0         
0         
0         
0         
0         
0         
0         
0         
0         
0         
0         
0         
0         
0         
0         
0         
0         
0         
0         
0         
0         
0         
0         
0         
0         
0         
0         
0         
0         
0         
0         
0         
0         
0         
0         
0         
0         
0         
0         
0         
0         
0         
0         
0         
0         
0         
0         
0         
0         
0         
0         
0         
0         
0         
0         
0         
0         
0         
0         
0         
0         
0         
0         
0         
0         
0         
0         
0         
0         
0         
0         
0         
0         
0         
0         
0         
0         
0         
0         
0         
0         
0         
0         
0         
0         
0         
0         
0         
0         
0         
0         
0         
0         
0         
0         
0         
0         
0         
0         
0         
0         
0         
0         
0         
0         
0         
0         
0         
0         
0         
0         
0         
0         
0         
0         
0         
0         
0         
0         
0         
0         
0         
0         
0         
0         
0         
0         
0         
0         
0         
0         
0         
0         
0         
0         
0         
0         
0         
0         
0         
0         
0         
0         
0         
