L = 20
T           <E>         <|M|>       Cv          ChiAbs      
2              -1.74633       0.912423       0.698311       0.335117       
2.005          -1.74395       0.91169        0.710642       0.328778       
2.01           -1.73955       0.908819       0.749381       0.391639       
2.015          -1.73697       0.907461       0.738706       0.404523       
2.02           -1.73119       0.904383       0.765252       0.438121       
2.025          -1.72586       0.901188       0.800321       0.537464       
2.03           -1.72444       0.902011       0.768841       0.445176       
2.035          -1.71783       0.89757        0.81655        0.561646       
2.04           -1.71638       0.897826       0.769317       0.475636       
2.045          -1.71288       0.896489       0.817365       0.517007       
2.05           -1.70596       0.892919       0.84838        0.544217       
2.055          -1.70188       0.890726       0.866874       0.600119       
2.06           -1.69751       0.888913       0.834656       0.544481       
2.065          -1.6931        0.883645       0.921975       0.919001       
2.07           -1.69292       0.88685        0.853902       0.572118       
2.075          -1.68347       0.880723       0.884284       0.660141       
2.08           -1.68377       0.882451       0.873472       0.608492       
2.085          -1.67448       0.874449       0.940764       0.864662       
2.09           -1.66918       0.871656       0.970535       0.984063       
2.095          -1.67022       0.874952       0.91879        0.783655       
2.1            -1.65752       0.864021       0.994108       1.08613        
2.105          -1.65463       0.860395       1.05404        1.68068        
2.11           -1.65034       0.861562       1.0129         1.12977        
2.115          -1.64424       0.851344       1.10926        2.05507        
2.12           -1.63833       0.850159       1.11391        1.77157        
2.125          -1.63638       0.851872       1.06543        1.52682        
2.13           -1.63027       0.850742       1.04511        1.04341        
2.135          -1.62758       0.848468       1.07855        1.21901        
2.14           -1.61992       0.844411       1.09239        1.24712        
2.145          -1.61527       0.83839        1.1278         1.67061        
2.15           -1.6112        0.838792       1.08852        1.38736        
2.155          -1.60592       0.833844       1.14539        1.84468        
2.16           -1.59816       0.82915        1.14146        1.76861        
2.165          -1.5875        0.819461       1.21637        1.97572        
2.17           -1.58352       0.811458       1.25667        3.05479        
2.175          -1.58435       0.822301       1.14995        1.47238        
2.18           -1.57632       0.815868       1.18174        1.89085        
2.185          -1.57196       0.814107       1.16702        1.79714        
2.19           -1.55623       0.793465       1.32505        3.0571         
2.195          -1.56374       0.809115       1.21394        1.79107        
2.2            -1.54317       0.78021        1.44987        4.04818        
2.205          -1.55273       0.801591       1.2522         2.13011        
2.21           -1.53505       0.780004       1.3615         3.49969        
2.215          -1.52931       0.775166       1.43441        3.39936        
2.22           -1.50843       0.746051       1.55201        4.95916        
2.225          -1.51396       0.76104        1.39325        3.7726         
2.23           -1.51148       0.76576        1.42702        3.27717        
2.235          -1.49979       0.748542       1.50309        4.37988        
2.24           -1.4966        0.753126       1.44479        3.54137        
2.245          -1.47176       0.714902       1.58879        5.75199        
2.25           -1.48131       0.734169       1.53378        4.93375        
2.255          -1.48009       0.735908       1.54137        4.39103        
2.26           -1.47126       0.732451       1.47804        3.93506        
2.265          -1.44983       0.692725       1.71038        6.71065        
2.27           -1.44388       0.688044       1.65612        6.65935        
2.275          -1.44455       0.697942       1.58017        5.56674        
2.28           -1.41822       0.659178       1.67069        7.0073         
2.285          -1.41846       0.662328       1.72188        7.36045        
2.29           -1.41482       0.662976       1.62182        6.81056        
2.295          -1.39924       0.643296       1.63951        7.55305        
2.3            -1.40596       0.668695       1.55375        5.63534        
2.305          -1.39719       0.652318       1.63777        6.71919        
2.31           -1.37455       0.620811       1.6701         7.80983        
2.315          -1.36235       0.595852       1.71067        8.70935        
2.32           -1.36262       0.605839       1.62749        8.00551        
2.325          -1.35087       0.586036       1.70372        8.59344        
2.33           -1.35684       0.608952       1.66645        7.6752         
2.335          -1.31411       0.524352       1.62857        9.74995        
2.34           -1.32914       0.565899       1.6634         8.48497        
2.345          -1.32038       0.556249       1.61999        8.75327        
2.35           -1.30198       0.519844       1.56298        9.20966        
2.355          -1.31009       0.544321       1.64329        8.91742        
2.36           -1.28139       0.503548       1.54679        8.86796        
2.365          -1.28966       0.510418       1.62247        9.74952        
2.37           -1.27413       0.497748       1.55477        9.04647        
2.375          -1.27782       0.506401       1.456          8.56755        
2.38           -1.26921       0.498959       1.44853        8.62826        
2.385          -1.25928       0.473821       1.46899        9.23442        
2.39           -1.2497        0.464284       1.41369        9.1532         
2.395          -1.24588       0.46404        1.46265        8.91096        
2.4            -1.23879       0.455184       1.40279        9.02797        
2.405          -1.22903       0.447241       1.32941        8.27575        
2.41           -1.22514       0.440701       1.33365        8.45067        
2.415          -1.21309       0.421462       1.33604        8.87774        
2.42           -1.21239       0.437035       1.33735        7.92953        
2.425          -1.20681       0.424535       1.33381        8.20803        
2.43           -1.1957        0.404701       1.36705        8.84112        
2.435          -1.19865       0.412633       1.30636        8.48902        
2.44           -1.1817        0.38248        1.23159        8.18902        
2.445          -1.18068       0.387573       1.23754        8.32185        
2.45           -1.1686        0.366492       1.13626        7.62415        
2.455          -1.17289       0.389755       1.20422        7.80113        
2.46           -1.16443       0.36895        1.1715         7.90826        
2.465          -1.15815       0.368471       1.05782        7.22291        
2.47           -1.14026       0.331358       1.08249        7.08997        
2.475          -1.14384       0.34984        1.11453        7.41934        
2.48           -1.14357       0.351409       1.05919        7.0932         
2.485          -1.13276       0.339586       1.02575        6.7469         
2.49           -1.1251        0.326935       1.01907        6.81722        
2.495          -1.12062       0.32384        1.01079        6.81717        
2.5            -1.11826       0.321259       1.01129        6.5288         
2.505          -1.11834       0.330109       1.03488        6.79904        
2.51           -1.11298       0.316713       1.01419        6.54595        
2.515          -1.10811       0.316133       0.954416       6.1314         
2.52           -1.09797       0.303217       0.909909       5.84384        
2.525          -1.09716       0.30284        0.928299       5.9579         
2.53           -1.08911       0.288601       0.877596       5.47731        
2.535          -1.07956       0.278057       0.864751       5.35118        
2.54           -1.08553       0.29289        0.931047       5.86943        
2.545          -1.07663       0.27804        0.879004       5.44384        
2.55           -1.06866       0.273762       0.855538       5.30778        
2.555          -1.0627        0.262296       0.841226       5.06266        
2.56           -1.06201       0.261688       0.82843        4.96633        
2.565          -1.05227       0.251662       0.815136       4.95369        
2.57           -1.05979       0.266011       0.82125        5.04581        
2.575          -1.05152       0.258894       0.795146       4.81042        
2.58           -1.04418       0.249249       0.785808       4.42793        
2.585          -1.04345       0.254825       0.783928       4.47931        
2.59           -1.03994       0.247382       0.755907       4.43787        
2.595          -1.03588       0.24975        0.783596       4.46624        
2.6            -1.03118       0.240822       0.735992       4.38012        
2.605          -1.02523       0.230472       0.743632       4.07904        
2.61           -1.02908       0.252666       0.751704       4.50944        
2.615          -1.02195       0.243184       0.735265       4.23894        
2.62           -1.01467       0.225681       0.725681       3.96327        
2.625          -1.01336       0.226101       0.717948       3.97158        
2.63           -1.0113        0.235329       0.704726       3.97355        
2.635          -1.00532       0.221484       0.676249       3.72073        
2.64           -1.00897       0.24121        0.716267       4.02757        
2.645          -1.00257       0.226313       0.688368       3.72462        
2.65           -0.996005      0.217288       0.681711       3.481          
2.655          -0.997213      0.22094        0.695967       3.72858        
2.66           -0.993313      0.226729       0.665674       3.63818        
2.665          -0.988551      0.214604       0.680154       3.60909        
2.67           -0.986226      0.215843       0.653039       3.43174        
2.675          -0.980714      0.211828       0.649434       3.22604        
2.68           -0.97584       0.199628       0.614819       2.98804        
2.685          -0.972747      0.19783        0.622258       3.15716        
2.69           -0.969303      0.200639       0.636278       3.13798        
2.695          -0.967244      0.199275       0.640869       3.02874        
2.7            -0.964171      0.196938       0.620832       3.0303         
2.705          -0.968164      0.207626       0.626321       3.29101        
2.71           -0.958312      0.192579       0.590194       2.78763        
2.715          -0.952924      0.192891       0.600956       2.83473        
2.72           -0.955904      0.197605       0.592114       2.96009        
2.725          -0.948047      0.194033       0.598087       2.89752        
2.73           -0.94795       0.192116       0.595428       2.71648        
2.735          -0.945562      0.18711        0.590435       2.75673        
2.74           -0.945877      0.19581        0.574931       2.84579        
2.745          -0.938897      0.184346       0.550566       2.47414        
2.75           -0.937342      0.180007       0.577127       2.552          
2.755          -0.933347      0.183998       0.574021       2.69301        
2.76           -0.933777      0.191458       0.551684       2.55778        
2.765          -0.927459      0.179649       0.541377       2.43178        
2.77           -0.927292      0.179313       0.543529       2.49032        
2.775          -0.922796      0.176199       0.546594       2.41694        
2.78           -0.921328      0.183719       0.550861       2.48627        
2.785          -0.918366      0.17637        0.529053       2.31542        
2.79           -0.913143      0.174315       0.528614       2.28238        
2.795          -0.911256      0.170423       0.522589       2.13223        
2.8            -0.909741      0.173642       0.522356       2.33231        
2.805          -0.906862      0.166938       0.524405       2.21099        
2.81           -0.905006      0.168947       0.510754       2.15819        
2.815          -0.900665      0.162826       0.514388       2.10094        
2.82           -0.902246      0.168212       0.51687        2.14165        
2.825          -0.897945      0.16762        0.508262       2.13975        
2.83           -0.89685       0.169535       0.528932       2.19654        
2.835          -0.889017      0.164807       0.496838       2.14139        
2.84           -0.889272      0.164297       0.499018       2.04118        
2.845          -0.888625      0.165253       0.51075        2.05433        
2.85           -0.882279      0.156907       0.481808       1.78334        
2.855          -0.88244       0.161373       0.480279       1.95395        
2.86           -0.879761      0.157063       0.482143       1.89857        
2.865          -0.875812      0.154898       0.469674       1.85499        
2.87           -0.875053      0.157935       0.471787       1.85901        
2.875          -0.871853      0.15642        0.470929       1.85668        
2.88           -0.869249      0.153393       0.474259       1.76868        
2.885          -0.866735      0.156088       0.469768       1.82863        
2.89           -0.86532       0.152917       0.474459       1.75927        
2.895          -0.862426      0.152186       0.463795       1.73594        
2.9            -0.860172      0.150336       0.457693       1.75538        
2.905          -0.858134      0.150569       0.450411       1.66497        
2.91           -0.857322      0.149943       0.445139       1.65316        
2.915          -0.853751      0.148961       0.45443        1.68438        
2.92           -0.849299      0.147757       0.433904       1.5529         
2.925          -0.847485      0.149099       0.44892        1.62702        
2.93           -0.8478        0.143581       0.443541       1.50942        
2.935          -0.844248      0.145075       0.443382       1.57609        
2.94           -0.843033      0.141446       0.441248       1.54366        
2.945          -0.839142      0.142397       0.437379       1.51672        
2.95           -0.836673      0.138536       0.422131       1.39722        
2.955          -0.835894      0.139366       0.426359       1.48519        
2.96           -0.834699      0.1442         0.427821       1.53698        
2.965          -0.833101      0.142442       0.427378       1.49508        
2.97           -0.829417      0.138624       0.42616        1.46772        
2.975          -0.82949       0.142909       0.423095       1.52949        
2.98           -0.827761      0.142804       0.424724       1.5138         
2.985          -0.824201      0.138785       0.40991        1.40099        
2.99           -0.824784      0.141623       0.415432       1.43827        
2.995          -0.821997      0.139485       0.414754       1.42457        
3              -0.817703      0.140271       0.411928       1.42596        
