0.001356  
0.009182  
0.017646  
0.02575   
0.029938  
0.034076  
0.036914  
0.036904  
0.037578  
0.038546  
0.037824  
0.037204  
0.036988  
0.034766  
0.03415   
0.032312  
0.03123   
0.029418  
0.028308  
0.026906  
0.025496  
0.024346  
0.02317   
0.021764  
0.020872  
0.018816  
0.01856   
0.017588  
0.016472  
0.015544  
0.014484  
0.013426  
0.012374  
0.011604  
0.010694  
0.010254  
0.009574  
0.008678  
0.008622  
0.007664  
0.007344  
0.006612  
0.005994  
0.005668  
0.005188  
0.00488   
0.004532  
0.00418   
0.003858  
0.003422  
0.003218  
0.00315   
0.002734  
0.002604  
0.002558  
0.002432  
0.001982  
0.001872  
0.001704  
0.001612  
0.00141   
0.001444  
0.001252  
0.001238  
0.001028  
0.000942  
0.000768  
0.000886  
0.000724  
0.000746  
0.000622  
0.000562  
0.000528  
0.00059   
0.000456  
0.000326  
0.000306  
0.00033   
0.000252  
0.000354  
0.000268  
0.000218  
0.000254  
0.000126  
0.000124  
0.000186  
0.000108  
0.000162  
0.000108  
0.000118  
8e-05     
7.4e-05   
7.2e-05   
8.2e-05   
7.6e-05   
7e-05     
8.2e-05   
4.2e-05   
5.2e-05   
3e-05     
3.8e-05   
2.8e-05   
4.4e-05   
3e-05     
3.6e-05   
1.6e-05   
1.8e-05   
2.6e-05   
2.4e-05   
4e-06     
0         
1.2e-05   
1.2e-05   
0         
8e-06     
0         
4e-06     
4e-06     
8e-06     
1e-05     
4e-06     
4e-06     
6e-06     
0         
0         
4e-06     
0         
0         
4e-06     
0         
6e-06     
0         
4e-06     
0         
0         
0         
0         
0         
4e-06     
0         
0         
0         
0         
0         
0         
0         
0         
0         
0         
4e-06     
0         
0         
0         
0         
0         
0         
0         
0         
0         
0         
0         
0         
0         
0         
0         
0         
0         
0         
0         
0         
0         
0         
0         
0         
0         
0         
0         
0         
0         
0         
0         
0         
0         
0         
0         
0         
0         
0         
0         
0         
0         
0         
0         
0         
0         
0         
0         
0         
0         
0         
