L = 60
T           <E>         <|M|>       Cv          ChiAbs      
2              -1.74539       0.91047        0.774288       0.454242       
2.005          -1.73971       0.907949       0.748858       0.469285       
2.01           -1.73591       0.904484       0.86193        0.770037       
2.015          -1.73233       0.905084       0.752946       0.401509       
2.02           -1.73103       0.905074       0.760487       0.366387       
2.025          -1.72581       0.901654       0.832632       0.523418       
2.03           -1.72469       0.900866       0.780962       0.588627       
2.035          -1.71545       0.895031       0.799312       0.630918       
2.04           -1.71724       0.898849       0.808629       0.449399       
2.045          -1.70621       0.889884       0.886557       0.762372       
2.05           -1.70876       0.894556       0.870857       0.574427       
2.055          -1.70334       0.890866       0.869587       0.590646       
2.06           -1.69762       0.888419       0.822355       0.51397        
2.065          -1.69591       0.888849       0.81281        0.545563       
2.07           -1.68862       0.883997       1.0399         0.674613       
2.075          -1.6828        0.878776       0.959673       0.800877       
2.08           -1.67983       0.87612        1.00004        0.912848       
2.085          -1.67805       0.879063       1.01014        0.749366       
2.09           -1.67518       0.877712       0.989739       0.789686       
2.095          -1.66677       0.87147        1.06586        0.925838       
2.1            -1.66379       0.871195       0.935506       0.686202       
2.105          -1.65991       0.868885       1.00898        0.811861       
2.11           -1.65309       0.863121       0.948694       0.875808       
2.115          -1.64706       0.859717       1.07782        1.15628        
2.12           -1.64272       0.858338       0.985956       0.963688       
2.125          -1.63712       0.856317       0.995592       0.87702        
2.13           -1.63094       0.84846        1.02116        1.38611        
2.135          -1.61801       0.827069       1.2259         4.23202        
2.14           -1.61961       0.841003       1.2011         1.45279        
2.145          -1.61641       0.841124       1.16946        1.51998        
2.15           -1.60957       0.832886       1.30107        2.73007        
2.155          -1.59117       0.802904       1.64674        5.77234        
2.16           -1.5946        0.823483       1.24409        2.08803        
2.165          -1.59402       0.828779       1.20115        1.37388        
2.17           -1.5842        0.82074        1.20023        1.71069        
2.175          -1.58221       0.818729       1.21771        1.52148        
2.18           -1.58158       0.821852       1.12447        1.40977        
2.185          -1.56683       0.8083         1.11179        1.60158        
2.19           -1.55591       0.78557        1.49687        5.60733        
2.195          -1.55064       0.79035        1.31262        2.73125        
2.2            -1.55376       0.799897       1.31931        2.1478         
2.205          -1.54025       0.774928       1.48331        5.21133        
2.21           -1.53579       0.781382       1.49712        3.5624         
2.215          -1.53309       0.783383       1.29256        2.12159        
2.22           -1.51619       0.757156       1.72998        4.84544        
2.225          -1.51838       0.766702       1.45877        3.00601        
2.23           -1.50531       0.747268       1.53127        6.98884        
2.235          -1.49726       0.748441       1.32483        3.64192        
2.24           -1.49828       0.749766       1.6736         5.26953        
2.245          -1.47688       0.689502       1.79185        18.9884        
2.25           -1.46961       0.708993       1.93935        9.5169         
2.255          -1.44901       0.657624       2.02528        12.612         
2.26           -1.43861       0.638932       2.30003        21.3829        
2.265          -1.4464        0.676405       2.07733        15.3905        
2.27           -1.41392       0.575665       1.86936        20.6884        
2.275          -1.42676       0.654673       1.7494         8.12527        
2.28           -1.42194       0.646614       1.98614        11.2047        
2.285          -1.39127       0.560608       2.72129        41.6712        
2.29           -1.39557       0.566629       2.45664        26.6808        
2.295          -1.38636       0.562396       2.52302        37.3189        
2.3            -1.33348       0.325092       2.39702        60.4861        
2.305          -1.33694       0.386707       2.96057        64.9488        
2.31           -1.35496       0.452015       2.73418        73.1085        
2.315          -1.33089       0.397672       2.79432        60.8582        
2.32           -1.33133       0.376754       2.77789        88.7435        
2.325          -1.30655       0.367627       2.158          54.6873        
2.33           -1.33747       0.504594       2.21587        34.4914        
2.335          -1.2891        0.283291       2.39096        52.3309        
2.34           -1.33547       0.553091       1.65353        16.3638        
2.345          -1.27052       0.215121       1.65954        29.9036        
2.35           -1.28443       0.331072       2.22833        61.1258        
2.355          -1.27241       0.341645       2.26996        54.6189        
2.36           -1.27572       0.377098       1.97121        35.2082        
2.365          -1.24532       0.241392       2.16336        41.4337        
2.37           -1.24466       0.219313       1.70381        41.2656        
2.375          -1.23648       0.197962       1.88883        35.515         
2.38           -1.22299       0.190266       2.15121        33.2981        
2.385          -1.23565       0.293171       1.71418        32.9403        
2.39           -1.22195       0.185653       1.86426        32.1066        
2.395          -1.22486       0.218158       1.78989        43.9769        
2.4            -1.20575       0.165989       1.60643        25.8135        
2.405          -1.21178       0.203185       1.86038        32.9124        
2.41           -1.20426       0.24036        1.81736        37.9831        
2.415          -1.18351       0.149635       1.6018         21.351         
2.42           -1.1833        0.149569       1.56128        24.2227        
2.425          -1.18787       0.1729         1.90215        34.989         
2.43           -1.16961       0.145487       1.76113        31.8663        
2.435          -1.17491       0.16136        1.60537        30.3004        
2.44           -1.17004       0.134595       1.46743        24.741         
2.445          -1.15689       0.140688       1.38106        20.4006        
2.45           -1.15916       0.170991       1.52206        22.983         
2.455          -1.14598       0.110421       1.49682        20.3775        
2.46           -1.14871       0.183762       1.59184        22.6152        
2.465          -1.14371       0.126264       1.41978        20.4718        
2.47           -1.13254       0.131441       1.38903        19.4389        
2.475          -1.14085       0.169566       1.35697        17.7085        
2.48           -1.13347       0.162793       1.34597        24.5037        
2.485          -1.12295       0.156156       1.39445        18.3995        
2.49           -1.12189       0.123522       1.31523        16.9012        
2.495          -1.11709       0.124315       1.35868        16.0739        
2.5            -1.1107        0.101731       1.4749         14.4308        
2.505          -1.10356       0.126338       1.44494        17.3665        
2.51           -1.10161       0.114573       1.27772        14.8636        
2.515          -1.09642       0.0988044      1.26064        14.218         
2.52           -1.09622       0.105125       1.4782         18.1821        
2.525          -1.0888        0.123438       1.37912        16.5004        
2.53           -1.08813       0.105616       1.28627        14.3999        
2.535          -1.08388       0.0985576      1.30023        14.4327        
2.54           -1.07608       0.0987973      1.23742        11.8515        
2.545          -1.06796       0.0961752      1.21033        11.112         
2.55           -1.06745       0.100108       1.20613        10.8165        
2.555          -1.06554       0.0893293      1.20056        11.2715        
2.56           -1.05526       0.08329        1.19498        10.3855        
2.565          -1.05536       0.0903716      1.21087        11.1832        
2.57           -1.05342       0.0924584      1.21408        10.9377        
2.575          -1.05209       0.0983115      1.23019        10.5368        
2.58           -1.04464       0.105151       1.33782        13.6394        
2.585          -1.03878       0.0971502      1.27787        11.1749        
2.59           -1.03564       0.0859154      1.16568        10.2001        
2.595          -1.03464       0.0877553      1.21279        11.7159        
2.6            -1.02984       0.0839545      1.21179        10.3099        
2.605          -1.03052       0.0894704      1.23971        11.1938        
2.61           -1.02565       0.0963248      1.1893         10.8118        
2.615          -1.01781       0.0795256      1.04846        8.87466        
2.62           -1.02019       0.0763606      1.07298        8.57147        
2.625          -1.01393       0.0876738      1.10394        8.09007        
2.63           -1.00898       0.0856498      1.06938        8.53011        
2.635          -1.00927       0.0827801      1.08356        8.41208        
2.64           -1.00219       0.080723       1.06501        8.35412        
2.645          -1.00053       0.0727808      1.04252        7.03304        
2.65           -0.997614      0.0767061      1.06           7.46749        
2.655          -0.997355      0.0873473      1.02328        8.85789        
2.66           -0.990164      0.071914       1.01734        6.82659        
2.665          -0.987735      0.0801528      1.04681        7.41234        
2.67           -0.980876      0.0775442      1.03787        7.94652        
2.675          -0.978482      0.0727459      1.03547        7.5422         
2.68           -0.97602       0.0739009      1.03227        6.96308        
2.685          -0.97452       0.0744062      1.05225        7.57978        
2.69           -0.969135      0.0676145      1.03894        7.06354        
2.695          -0.967612      0.0630191      1.03617        6.15481        
2.7            -0.967091      0.0747004      0.977428       6.77672        
2.705          -0.962287      0.0728545      0.937691       6.23809        
2.71           -0.960904      0.0753494      0.921135       7.05248        
2.715          -0.957121      0.0666176      1.00269        6.12478        
2.72           -0.951207      0.0655937      0.992871       6.23707        
2.725          -0.951968      0.0708788      1.07229        6.89767        
2.73           -0.950088      0.0739764      1.08161        6.74087        
2.735          -0.944994      0.0687319      0.965679       6.06739        
2.74           -0.939846      0.0708898      0.914788       6.51817        
2.745          -0.94095       0.067032       0.984208       6.39671        
2.75           -0.937135      0.0616872      0.924641       5.97749        
2.755          -0.933611      0.0613332      0.949598       5.40848        
2.76           -0.932844      0.0697245      0.940583       5.54278        
2.765          -0.930272      0.074587       0.904582       6.35155        
2.77           -0.925429      0.0702874      0.911241       6.15044        
2.775          -0.92349       0.0589569      0.868426       5.14633        
2.78           -0.92013       0.0668792      0.90716        5.93876        
2.785          -0.915956      0.0666294      0.909155       5.73828        
2.79           -0.913965      0.0692592      0.965949       6.61608        
2.795          -0.913542      0.0647474      0.862348       5.11222        
2.8            -0.909575      0.0641117      0.858072       5.48682        
2.805          -0.905683      0.0592905      0.853336       5.08749        
2.81           -0.904873      0.0642132      0.901143       5.75099        
2.815          -0.905181      0.0618758      0.820653       4.90887        
2.82           -0.899972      0.0582982      0.868038       5.00141        
2.825          -0.896958      0.0591904      0.81751        4.43743        
2.83           -0.893064      0.062951       0.818737       4.59947        
2.835          -0.890581      0.0566399      0.868924       4.53204        
2.84           -0.890658      0.0541914      0.841483       4.42915        
2.845          -0.885684      0.0607991      0.812616       4.68788        
2.85           -0.886609      0.0577929      0.841688       4.23957        
2.855          -0.879362      0.055364       0.828098       4.17999        
2.86           -0.880686      0.0560275      0.822894       4.80592        
2.865          -0.875996      0.0577251      0.829249       4.55466        
2.87           -0.87746       0.0624705      0.831806       4.6246         
2.875          -0.872699      0.0552771      0.804433       4.38363        
2.88           -0.870005      0.0546656      0.788193       4.29527        
2.885          -0.868586      0.0595316      0.829863       4.51925        
2.89           -0.866519      0.0562706      0.777523       4.06957        
2.895          -0.864603      0.0560451      0.753117       3.99931        
2.9            -0.86096       0.0502769      0.802212       3.70753        
2.905          -0.859237      0.0583557      0.806556       4.20746        
2.91           -0.857042      0.0495588      0.753952       3.71813        
2.915          -0.853278      0.0514951      0.793781       3.93931        
2.92           -0.853952      0.0559046      0.756105       3.7529         
2.925          -0.850958      0.057861       0.771095       3.73982        
2.93           -0.846976      0.0515423      0.710897       3.30101        
2.935          -0.846898      0.0499696      0.725353       3.78358        
2.94           -0.843161      0.0534572      0.707869       3.58403        
2.945          -0.842138      0.048935       0.689051       3.27263        
2.95           -0.83777       0.0488339      0.701168       3.28855        
2.955          -0.836492      0.0467271      0.70811        3.0854         
2.96           -0.834413      0.0499242      0.707601       3.21165        
2.965          -0.836018      0.0463994      0.72639        3.48379        
2.97           -0.830896      0.0544278      0.758738       3.85373        
2.975          -0.829015      0.0493638      0.745543       3.65153        
2.98           -0.827755      0.0478942      0.78409        3.42405        
2.985          -0.825084      0.0473357      0.739112       3.43186        
2.99           -0.823448      0.0466772      0.729974       3.09376        
2.995          -0.82208       0.0517189      0.783794       3.34224        
3              -0.818315      0.042776       0.673483       2.98303        
