   0.0934
   0.1767
   0.2510
   0.3172
   0.3759
   0.4280
   0.4741
   0.5147
   0.5503
   0.5816
   0.6087
   0.6323
   0.6525
   0.6698
   0.6844
   0.6965
   0.7065
   0.7144
   0.7206
   0.7252
   0.7282
   0.7300
   0.7305
   0.7300
   0.7285
   0.7261
   0.7229
   0.7190
   0.7144
   0.7092
   0.7036
   0.6974
   0.6908
   0.6837
   0.6764
   0.6687
   0.6607
   0.6524
   0.6440
   0.6353
   0.6264
   0.6173
   0.6081
   0.5987
   0.5892
   0.5796
   0.5698
   0.5600
   0.5501
   0.5401
   0.5301
   0.5199
   0.5098
   0.4995
   0.4892
   0.4789
   0.4686
   0.4582
   0.4477
   0.4373
   0.4268
   0.4163
   0.4058
   0.3952
   0.3846
   0.3741
   0.3635
   0.3529
   0.3422
   0.3316
   0.3210
   0.3103
   0.2997
   0.2890
   0.2784
   0.2677
   0.2570
   0.2463
   0.2356
   0.2249
   0.2143
   0.2036
   0.1929
   0.1822
   0.1715
   0.1607
   0.1500
   0.1393
   0.1286
   0.1179
   0.1072
   0.0965
   0.0858
   0.0750
   0.0643
   0.0536
   0.0429
   0.0322
   0.0214
   0.0107
