   0.0090
   0.0180
   0.0268
   0.0355
   0.0442
   0.0527
   0.0612
   0.0695
   0.0778
   0.0859
   0.0940
   0.1020
   0.1099
   0.1177
   0.1254
   0.1331
   0.1406
   0.1481
   0.1555
   0.1628
   0.1700
   0.1771
   0.1841
   0.1911
   0.1980
   0.2048
   0.2115
   0.2182
   0.2248
   0.2313
   0.2377
   0.2441
   0.2503
   0.2566
   0.2627
   0.2688
   0.2747
   0.2807
   0.2865
   0.2923
   0.2980
   0.3037
   0.3093
   0.3148
   0.3203
   0.3256
   0.3310
   0.3362
   0.3414
   0.3466
   0.3517
   0.3567
   0.3616
   0.3665
   0.3714
   0.3762
   0.3809
   0.3856
   0.3902
   0.3947
   0.3992
   0.4037
   0.4081
   0.4124
   0.4167
   0.4209
   0.4251
   0.4292
   0.4333
   0.4373
   0.4413
   0.4452
   0.4491
   0.4529
   0.4567
   0.4604
   0.4641
   0.4678
   0.4714
   0.4749
   0.4784
   0.4819
   0.4853
   0.4886
   0.4920
   0.4952
   0.4985
   0.5017
   0.5048
   0.5079
   0.5110
   0.5140
   0.5170
   0.5200
   0.5229
   0.5258
   0.5286
   0.5314
   0.5342
   0.5369
   0.5396
   0.5422
   0.5448
   0.5474
   0.5499
   0.5524
   0.5549
   0.5573
   0.5597
   0.5621
   0.5644
   0.5667
   0.5690
   0.5712
   0.5734
   0.5756
   0.5777
   0.5798
   0.5819
   0.5839
   0.5860
   0.5879
   0.5899
   0.5918
   0.5937
   0.5956
   0.5974
   0.5992
   0.6010
   0.6028
   0.6045
   0.6062
   0.6079
   0.6095
   0.6111
   0.6127
   0.6143
   0.6158
   0.6173
   0.6188
   0.6203
   0.6217
   0.6231
   0.6245
   0.6259
   0.6273
   0.6286
   0.6299
   0.6311
   0.6324
   0.6336
   0.6348
   0.6360
   0.6372
   0.6383
   0.6395
   0.6405
   0.6416
   0.6427
   0.6437
   0.6447
   0.6457
   0.6467
   0.6477
   0.6486
   0.6495
   0.6504
   0.6513
   0.6522
   0.6530
   0.6538
   0.6546
   0.6554
   0.6562
   0.6569
   0.6577
   0.6584
   0.6591
   0.6598
   0.6604
   0.6611
   0.6617
   0.6623
   0.6629
   0.6635
   0.6641
   0.6647
   0.6652
   0.6657
   0.6662
   0.6667
   0.6672
   0.6677
   0.6681
   0.6685
   0.6690
   0.6694
   0.6697
   0.6701
   0.6705
   0.6708
   0.6712
   0.6715
   0.6718
   0.6721
   0.6724
   0.6727
   0.6729
   0.6732
   0.6734
   0.6736
   0.6738
   0.6740
   0.6742
   0.6744
   0.6745
   0.6747
   0.6748
   0.6749
   0.6750
   0.6752
   0.6752
   0.6753
   0.6754
   0.6755
   0.6755
   0.6755
   0.6756
   0.6756
   0.6756
   0.6756
   0.6756
   0.6756
   0.6755
   0.6755
   0.6754
   0.6754
   0.6753
   0.6752
   0.6751
   0.6750
   0.6749
   0.6748
   0.6747
   0.6745
   0.6744
   0.6743
   0.6741
   0.6739
   0.6737
   0.6736
   0.6734
   0.6732
   0.6730
   0.6727
   0.6725
   0.6723
   0.6720
   0.6718
   0.6715
   0.6713
   0.6710
   0.6707
   0.6704
   0.6702
   0.6699
   0.6695
   0.6692
   0.6689
   0.6686
   0.6683
   0.6679
   0.6676
   0.6672
   0.6668
   0.6665
   0.6661
   0.6657
   0.6653
   0.6650
   0.6646
   0.6641
   0.6637
   0.6633
   0.6629
   0.6625
   0.6620
   0.6616
   0.6612
   0.6607
   0.6602
   0.6598
   0.6593
   0.6588
   0.6584
   0.6579
   0.6574
   0.6569
   0.6564
   0.6559
   0.6554
   0.6549
   0.6544
   0.6538
   0.6533
   0.6528
   0.6522
   0.6517
   0.6511
   0.6506
   0.6500
   0.6495
   0.6489
   0.6483
   0.6478
   0.6472
   0.6466
   0.6460
   0.6454
   0.6448
   0.6442
   0.6436
   0.6430
   0.6424
   0.6418
   0.6412
   0.6406
   0.6399
   0.6393
   0.6387
   0.6380
   0.6374
   0.6367
   0.6361
   0.6354
   0.6348
   0.6341
   0.6335
   0.6328
   0.6321
   0.6315
   0.6308
   0.6301
   0.6294
   0.6287
   0.6280
   0.6274
   0.6267
   0.6260
   0.6253
   0.6246
   0.6238
   0.6231
   0.6224
   0.6217
   0.6210
   0.6203
   0.6195
   0.6188
   0.6181
   0.6173
   0.6166
   0.6159
   0.6151
   0.6144
   0.6136
   0.6129
   0.6121
   0.6114
   0.6106
   0.6099
   0.6091
   0.6083
   0.6076
   0.6068
   0.6060
   0.6053
   0.6045
   0.6037
   0.6029
   0.6021
   0.6013
   0.6006
   0.5998
   0.5990
   0.5982
   0.5974
   0.5966
   0.5958
   0.5950
   0.5942
   0.5934
   0.5926
   0.5918
   0.5909
   0.5901
   0.5893
   0.5885
   0.5877
   0.5869
   0.5860
   0.5852
   0.5844
   0.5835
   0.5827
   0.5819
   0.5810
   0.5802
   0.5794
   0.5785
   0.5777
   0.5768
   0.5760
   0.5752
   0.5743
   0.5735
   0.5726
   0.5718
   0.5709
   0.5700
   0.5692
   0.5683
   0.5675
   0.5666
   0.5657
   0.5649
   0.5640
   0.5632
   0.5623
   0.5614
   0.5605
   0.5597
   0.5588
   0.5579
   0.5570
   0.5562
   0.5553
   0.5544
   0.5535
   0.5526
   0.5518
   0.5509
   0.5500
   0.5491
   0.5482
   0.5473
   0.5464
   0.5455
   0.5446
   0.5437
   0.5428
   0.5420
   0.5411
   0.5402
   0.5393
   0.5384
   0.5374
   0.5365
   0.5356
   0.5347
   0.5338
   0.5329
   0.5320
   0.5311
   0.5302
   0.5293
   0.5284
   0.5275
   0.5265
   0.5256
   0.5247
   0.5238
   0.5229
   0.5220
   0.5210
   0.5201
   0.5192
   0.5183
   0.5173
   0.5164
   0.5155
   0.5146
   0.5136
   0.5127
   0.5118
   0.5109
   0.5099
   0.5090
   0.5081
   0.5071
   0.5062
   0.5053
   0.5043
   0.5034
   0.5025
   0.5015
   0.5006
   0.4997
   0.4987
   0.4978
   0.4968
   0.4959
   0.4950
   0.4940
   0.4931
   0.4921
   0.4912
   0.4902
   0.4893
   0.4884
   0.4874
   0.4865
   0.4855
   0.4846
   0.4836
   0.4827
   0.4817
   0.4808
   0.4798
   0.4789
   0.4779
   0.4770
   0.4760
   0.4751
   0.4741
   0.4732
   0.4722
   0.4712
   0.4703
   0.4693
   0.4684
   0.4674
   0.4665
   0.4655
   0.4645
   0.4636
   0.4626
   0.4617
   0.4607
   0.4597
   0.4588
   0.4578
   0.4568
   0.4559
   0.4549
   0.4540
   0.4530
   0.4520
   0.4511
   0.4501
   0.4491
   0.4482
   0.4472
   0.4462
   0.4453
   0.4443
   0.4433
   0.4424
   0.4414
   0.4404
   0.4394
   0.4385
   0.4375
   0.4365
   0.4356
   0.4346
   0.4336
   0.4326
   0.4317
   0.4307
   0.4297
   0.4288
   0.4278
   0.4268
   0.4258
   0.4249
   0.4239
   0.4229
   0.4219
   0.4209
   0.4200
   0.4190
   0.4180
   0.4170
   0.4161
   0.4151
   0.4141
   0.4131
   0.4121
   0.4112
   0.4102
   0.4092
   0.4082
   0.4072
   0.4063
   0.4053
   0.4043
   0.4033
   0.4023
   0.4014
   0.4004
   0.3994
   0.3984
   0.3974
   0.3964
   0.3955
   0.3945
   0.3935
   0.3925
   0.3915
   0.3905
   0.3896
   0.3886
   0.3876
   0.3866
   0.3856
   0.3846
   0.3836
   0.3827
   0.3817
   0.3807
   0.3797
   0.3787
   0.3777
   0.3767
   0.3757
   0.3748
   0.3738
   0.3728
   0.3718
   0.3708
   0.3698
   0.3688
   0.3678
   0.3669
   0.3659
   0.3649
   0.3639
   0.3629
   0.3619
   0.3609
   0.3599
   0.3589
   0.3579
   0.3569
   0.3560
   0.3550
   0.3540
   0.3530
   0.3520
   0.3510
   0.3500
   0.3490
   0.3480
   0.3470
   0.3460
   0.3450
   0.3440
   0.3431
   0.3421
   0.3411
   0.3401
   0.3391
   0.3381
   0.3371
   0.3361
   0.3351
   0.3341
   0.3331
   0.3321
   0.3311
   0.3301
   0.3291
   0.3281
   0.3271
   0.3262
   0.3252
   0.3242
   0.3232
   0.3222
   0.3212
   0.3202
   0.3192
   0.3182
   0.3172
   0.3162
   0.3152
   0.3142
   0.3132
   0.3122
   0.3112
   0.3102
   0.3092
   0.3082
   0.3072
   0.3062
   0.3052
   0.3042
   0.3032
   0.3022
   0.3012
   0.3002
   0.2992
   0.2982
   0.2972
   0.2962
   0.2952
   0.2942
   0.2932
   0.2923
   0.2913
   0.2903
   0.2893
   0.2883
   0.2873
   0.2863
   0.2853
   0.2843
   0.2833
   0.2823
   0.2813
   0.2803
   0.2793
   0.2783
   0.2773
   0.2763
   0.2753
   0.2743
   0.2733
   0.2723
   0.2713
   0.2703
   0.2693
   0.2683
   0.2673
   0.2663
   0.2653
   0.2643
   0.2633
   0.2623
   0.2613
   0.2603
   0.2593
   0.2583
   0.2573
   0.2562
   0.2552
   0.2542
   0.2532
   0.2522
   0.2512
   0.2502
   0.2492
   0.2482
   0.2472
   0.2462
   0.2452
   0.2442
   0.2432
   0.2422
   0.2412
   0.2402
   0.2392
   0.2382
   0.2372
   0.2362
   0.2352
   0.2342
   0.2332
   0.2322
   0.2312
   0.2302
   0.2292
   0.2282
   0.2272
   0.2262
   0.2252
   0.2242
   0.2232
   0.2222
   0.2212
   0.2202
   0.2192
   0.2182
   0.2172
   0.2162
   0.2152
   0.2142
   0.2132
   0.2121
   0.2111
   0.2101
   0.2091
   0.2081
   0.2071
   0.2061
   0.2051
   0.2041
   0.2031
   0.2021
   0.2011
   0.2001
   0.1991
   0.1981
   0.1971
   0.1961
   0.1951
   0.1941
   0.1931
   0.1921
   0.1911
   0.1901
   0.1891
   0.1881
   0.1871
   0.1861
   0.1850
   0.1840
   0.1830
   0.1820
   0.1810
   0.1800
   0.1790
   0.1780
   0.1770
   0.1760
   0.1750
   0.1740
   0.1730
   0.1720
   0.1710
   0.1700
   0.1690
   0.1680
   0.1670
   0.1660
   0.1650
   0.1640
   0.1629
   0.1619
   0.1609
   0.1599
   0.1589
   0.1579
   0.1569
   0.1559
   0.1549
   0.1539
   0.1529
   0.1519
   0.1509
   0.1499
   0.1489
   0.1479
   0.1469
   0.1459
   0.1449
   0.1439
   0.1429
   0.1418
   0.1408
   0.1398
   0.1388
   0.1378
   0.1368
   0.1358
   0.1348
   0.1338
   0.1328
   0.1318
   0.1308
   0.1298
   0.1288
   0.1278
   0.1268
   0.1258
   0.1248
   0.1237
   0.1227
   0.1217
   0.1207
   0.1197
   0.1187
   0.1177
   0.1167
   0.1157
   0.1147
   0.1137
   0.1127
   0.1117
   0.1107
   0.1097
   0.1087
   0.1077
   0.1067
   0.1056
   0.1046
   0.1036
   0.1026
   0.1016
   0.1006
   0.0996
   0.0986
   0.0976
   0.0966
   0.0956
   0.0946
   0.0936
   0.0926
   0.0916
   0.0906
   0.0896
   0.0886
   0.0875
   0.0865
   0.0855
   0.0845
   0.0835
   0.0825
   0.0815
   0.0805
   0.0795
   0.0785
   0.0775
   0.0765
   0.0755
   0.0745
   0.0735
   0.0725
   0.0714
   0.0704
   0.0694
   0.0684
   0.0674
   0.0664
   0.0654
   0.0644
   0.0634
   0.0624
   0.0614
   0.0604
   0.0594
   0.0584
   0.0574
   0.0564
   0.0554
   0.0543
   0.0533
   0.0523
   0.0513
   0.0503
   0.0493
   0.0483
   0.0473
   0.0463
   0.0453
   0.0443
   0.0433
   0.0423
   0.0413
   0.0403
   0.0393
   0.0382
   0.0372
   0.0362
   0.0352
   0.0342
   0.0332
   0.0322
   0.0312
   0.0302
   0.0292
   0.0282
   0.0272
   0.0262
   0.0252
   0.0242
   0.0231
   0.0221
   0.0211
   0.0201
   0.0191
   0.0181
   0.0171
   0.0161
   0.0151
   0.0141
   0.0131
   0.0121
   0.0111
   0.0101
   0.0091
   0.0081
   0.0070
   0.0060
   0.0050
   0.0040
   0.0030
   0.0020
   0.0010
